9
36
0 1
9.158601e-01 -1.604550e-02 1.866177e+01 -3.297143e-01 9.410595e-01 7.584253e+01 2.122946e-04 -2.997152e-04 1.000000e+00
0.000000e+00 0.000000e+00 0.000000e+00 0.000000e+00 0.000000e+00 0.000000e+00 0.000000e+00 0.000000e+00 0.000000e+00
4.4047619047619047e-01
74
0
0 2
8.872526e-01 1.566420e-01 7.488434e+01 -3.783900e-01 8.149361e-01 5.686900e+01 8.838406e-04 -1.032327e-03 1.000000e+00
0.000000e+00 0.000000e+00 0.000000e+00 0.000000e+00 0.000000e+00 0.000000e+00 0.000000e+00 0.000000e+00 0.000000e+00
4.1860465116279072e-01
18
0
0 3
9.744662e-01 4.375628e-02 1.342935e+01 -6.365796e-03 1.009614e+00 -3.147490e+01 -4.211853e-05 1.111946e-04 1.000000e+00
0.000000e+00 0.000000e+00 0.000000e+00 0.000000e+00 0.000000e+00 0.000000e+00 0.000000e+00 0.000000e+00 0.000000e+00
6.1271676300578037e-01
212
0
0 4
1.208037e+00 2.447637e-01 -5.887489e+01 -4.700813e-01 8.882705e-01 4.390652e+01 1.915071e-04 -3.976936e-04 1.000000e+00
0.000000e+00 0.000000e+00 0.000000e+00 0.000000e+00 0.000000e+00 0.000000e+00 0.000000e+00 0.000000e+00 0.000000e+00
7.2033898305084743e-01
85
0
1 0
1.101142e+00 1.194185e-02 -2.145496e+01 3.950980e-01 1.041855e+00 -8.639011e+01 -1.153496e-04 3.097244e-04 9.786623e-01
0.000000e+00 0.000000e+00 0.000000e+00 0.000000e+00 0.000000e+00 0.000000e+00 0.000000e+00 0.000000e+00 0.000000e+00
0.0000000000000000e+00
0
0
1 2
9.727914e-01 9.706128e-02 1.353105e+01 -2.899603e-01 8.773205e-01 4.187601e+01 -8.035169e-06 -4.479548e-04 1.000000e+00
0.000000e+00 0.000000e+00 0.000000e+00 0.000000e+00 0.000000e+00 0.000000e+00 0.000000e+00 0.000000e+00 0.000000e+00
5.5833333333333335e-01
134
0
1 3
1.097280e+00 8.788098e-02 -9.819236e+00 1.964147e-01 9.807639e-01 -7.001519e+01 -1.872683e-04 4.560508e-04 1.000000e+00
0.000000e+00 0.000000e+00 0.000000e+00 0.000000e+00 0.000000e+00 0.000000e+00 0.000000e+00 0.000000e+00 0.000000e+00
4.0740740740740738e-01
33
0
1 4
1.610398e+00 3.220525e-01 -1.166795e+02 -3.323784e-01 1.061735e+00 6.540315e+00 4.857994e-04 3.709243e-05 1.000000e+00
0.000000e+00 0.000000e+00 0.000000e+00 0.000000e+00 0.000000e+00 0.000000e+00 0.000000e+00 0.000000e+00 0.000000e+00
6.4285714285714290e-01
54
0
2 0
1.068544e+00 -2.861382e-01 -6.374482e+01 5.242811e-01 1.004238e+00 -9.637045e+01 -4.031932e-04 1.289602e-03 9.568545e-01
0.000000e+00 0.000000e+00 0.000000e+00 0.000000e+00 0.000000e+00 0.000000e+00 0.000000e+00 0.000000e+00 0.000000e+00
0.0000000000000000e+00
0
0
2 1
9.938080e-01 -1.143694e-01 -8.657927e+00 3.212110e-01 1.079007e+00 -4.953084e+01 1.518734e-04 4.824275e-04 9.777429e-01
0.000000e+00 0.000000e+00 0.000000e+00 0.000000e+00 0.000000e+00 0.000000e+00 0.000000e+00 0.000000e+00 0.000000e+00
0.0000000000000000e+00
0
0
2 3
1.134097e+00 -7.930884e-02 -2.104644e+01 4.504325e-01 8.011419e-01 -1.090599e+02 4.478023e-05 7.218931e-04 1.000000e+00
0.000000e+00 0.000000e+00 0.000000e+00 0.000000e+00 0.000000e+00 0.000000e+00 0.000000e+00 0.000000e+00 0.000000e+00
4.7826086956521741e-01
11
0
2 4
1.683020e+00 3.391399e-02 -1.503446e+02 1.243039e-01 1.108781e+00 -7.164943e+01 4.428030e-04 2.169834e-04 1.000000e+00
0.000000e+00 0.000000e+00 0.000000e+00 0.000000e+00 0.000000e+00 0.000000e+00 0.000000e+00 0.000000e+00 0.000000e+00
5.9677419354838712e-01
37
0
3 0
1.025270e+00 -4.277014e-02 -1.511490e+01 7.783766e-03 9.867316e-01 3.095275e+01 4.231736e-05 -1.115206e-04 9.959216e-01
0.000000e+00 0.000000e+00 0.000000e+00 0.000000e+00 0.000000e+00 0.000000e+00 0.000000e+00 0.000000e+00 0.000000e+00
0.0000000000000000e+00
0
0
3 1
9.270214e-01 -8.454556e-02 3.183169e+00 -1.677958e-01 1.002768e+00 6.856135e+01 2.501252e-04 -4.731459e-04 9.693286e-01
0.000000e+00 0.000000e+00 0.000000e+00 0.000000e+00 0.000000e+00 0.000000e+00 0.000000e+00 0.000000e+00 0.000000e+00
0.0000000000000000e+00
0
0
3 2
8.560047e-01 6.237641e-02 2.481861e+01 -4.429657e-01 1.104251e+00 1.111066e+02 2.814418e-04 -7.999444e-04 9.186815e-01
0.000000e+00 0.000000e+00 0.000000e+00 0.000000e+00 0.000000e+00 0.000000e+00 0.000000e+00 0.000000e+00 0.000000e+00
0.0000000000000000e+00
0
0
3 4
1.464423e+00 2.589475e-01 -8.484208e+01 -7.282610e-01 1.048800e+00 1.382920e+02 8.195164e-04 -3.867275e-04 1.000000e+00
0.000000e+00 0.000000e+00 0.000000e+00 0.000000e+00 0.000000e+00 0.000000e+00 0.000000e+00 0.000000e+00 0.000000e+00
5.3571428571428570e-01
30
0
4 0
7.483637e-01 -1.828908e-01 5.208993e+01 3.953536e-01 1.007460e+00 -2.095766e+01 1.391263e-05 4.356853e-04 9.816897e-01
0.000000e+00 0.000000e+00 0.000000e+00 0.000000e+00 0.000000e+00 0.000000e+00 0.000000e+00 0.000000e+00 0.000000e+00
0.0000000000000000e+00
0
0
4 1
5.648905e-01 -1.736886e-01 6.704712e+01 1.785714e-01 8.871638e-01 1.503329e+01 -2.810471e-04 5.147076e-05 9.668709e-01
0.000000e+00 0.000000e+00 0.000000e+00 0.000000e+00 0.000000e+00 0.000000e+00 0.000000e+00 0.000000e+00 0.000000e+00
0.0000000000000000e+00
0
0
4 2
5.745939e-01 -3.400373e-02 8.395072e+01 -7.974023e-02 8.941394e-01 5.207607e+01 -2.371296e-04 -1.789565e-04 9.515267e-01
0.000000e+00 0.000000e+00 0.000000e+00 0.000000e+00 0.000000e+00 0.000000e+00 0.000000e+00 0.000000e+00 0.000000e+00
0.0000000000000000e+00
0
0
4 3
5.859577e-01 -1.202112e-01 6.633812e+01 4.473798e-01 8.154283e-01 -7.481058e+01 -3.071878e-04 4.138636e-04 9.167035e-01
0.000000e+00 0.000000e+00 0.000000e+00 0.000000e+00 0.000000e+00 0.000000e+00 0.000000e+00 0.000000e+00 0.000000e+00
0.0000000000000000e+00
0
0
4 5
8.075126e-01 4.157384e-01 4.226451e+01 -8.434947e-01 7.384967e-01 1.606243e+02 3.610732e-04 -1.208828e-03 1.000000e+00
0.000000e+00 0.000000e+00 0.000000e+00 0.000000e+00 0.000000e+00 0.000000e+00 0.000000e+00 0.000000e+00 0.000000e+00
9.5918367346938771e-01
47
0
4 8
-2.676653e-01 -5.854332e-01 -9.449788e+01 1.265652e+00 -4.783914e-01 -1.385036e+02 4.802470e-04 -1.246004e-03 1.000000e+00
0.000000e+00 0.000000e+00 0.000000e+00 0.000000e+00 0.000000e+00 0.000000e+00 0.000000e+00 0.000000e+00 0.000000e+00
9.1666666666666663e-01
22
0
5 4
8.041958e-01 -4.025264e-01 3.066660e+01 7.773174e-01 6.831247e-01 -1.425794e+02 6.492697e-04 9.711220e-04 8.165731e-01
0.000000e+00 0.000000e+00 0.000000e+00 0.000000e+00 0.000000e+00 0.000000e+00 0.000000e+00 0.000000e+00 0.000000e+00
0.0000000000000000e+00
0
0
5 6
1.180862e+00 -1.068742e-01 -8.078206e+00 9.516652e-02 1.035905e+00 6.052166e-01 9.185812e-05 3.225149e-04 1.000000e+00
0.000000e+00 0.000000e+00 0.000000e+00 0.000000e+00 0.000000e+00 0.000000e+00 0.000000e+00 0.000000e+00 0.000000e+00
3.9735099337748342e-01
60
0
5 7
9.994542e-01 -4.258544e-02 2.511485e+01 9.534396e-02 8.938292e-01 -4.963003e+01 -1.193181e-04 2.212876e-04 1.000000e+00
0.000000e+00 0.000000e+00 0.000000e+00 0.000000e+00 0.000000e+00 0.000000e+00 0.000000e+00 0.000000e+00 0.000000e+00
5.9354838709677415e-01
92
0
5 8
-8.190615e-01 -1.630527e-01 3.623151e+01 4.309818e-01 -8.768177e-01 3.002949e+01 -1.944757e-05 -4.372013e-04 1.000000e+00
0.000000e+00 0.000000e+00 0.000000e+00 0.000000e+00 0.000000e+00 0.000000e+00 0.000000e+00 0.000000e+00 0.000000e+00
5.1851851851851849e-01
42
0
6 5
8.395044e-01 8.451615e-02 6.730539e+00 -7.709307e-02 9.577603e-01 -1.202426e+00 -5.225163e-05 -3.166554e-04 9.997695e-01
0.000000e+00 0.000000e+00 0.000000e+00 0.000000e+00 0.000000e+00 0.000000e+00 0.000000e+00 0.000000e+00 0.000000e+00
0.0000000000000000e+00
0
0
6 7
8.618331e-01 4.112387e-02 3.626020e+01 3.077710e-02 9.400075e-01 -5.390855e+01 -1.626353e-05 -7.118569e-05 1.000000e+00
0.000000e+00 0.000000e+00 0.000000e+00 0.000000e+00 0.000000e+00 0.000000e+00 0.000000e+00 0.000000e+00 0.000000e+00
4.3115942028985510e-01
119
0
6 8
-1.004702e+00 -4.352818e-01 8.079721e+01 7.680286e-01 -3.558748e-01 1.028968e+01 6.003901e-04 -2.948578e-05 1.000000e+00
0.000000e+00 0.000000e+00 0.000000e+00 0.000000e+00 0.000000e+00 0.000000e+00 0.000000e+00 0.000000e+00 0.000000e+00
5.2380952380952384e-01
22
0
7 5
9.928428e-01 5.282698e-02 -2.231329e+01 -9.812228e-02 1.099981e+00 5.705644e+01 1.401773e-04 -2.371090e-04 9.847117e-01
0.000000e+00 0.000000e+00 0.000000e+00 0.000000e+00 0.000000e+00 0.000000e+00 0.000000e+00 0.000000e+00 0.000000e+00
0.0000000000000000e+00
0
0
7 6
1.161404e+00 -5.422011e-02 -4.503567e+01 -3.709411e-02 1.069914e+00 5.902254e+01 1.624796e-05 7.528075e-05 1.003469e+00
0.000000e+00 0.000000e+00 0.000000e+00 0.000000e+00 0.000000e+00 0.000000e+00 0.000000e+00 0.000000e+00 0.000000e+00
0.0000000000000000e+00
0
0
7 8
-1.073945e+00 -3.347737e-01 9.097412e+01 5.829908e-01 -6.668040e-01 1.511057e+00 2.722617e-04 -6.433200e-04 1.000000e+00
0.000000e+00 0.000000e+00 0.000000e+00 0.000000e+00 0.000000e+00 0.000000e+00 0.000000e+00 0.000000e+00 0.000000e+00
4.2156862745098039e-01
43
0
8 4
-6.019392e-01 6.502175e-01 3.317546e+01 -1.231835e+00 -2.055415e-01 -1.448740e+02 -1.245792e-03 -5.683706e-04 8.035540e-01
0.000000e+00 0.000000e+00 0.000000e+00 0.000000e+00 0.000000e+00 0.000000e+00 0.000000e+00 0.000000e+00 0.000000e+00
0.0000000000000000e+00
0
0
8 5
-1.121182e+00 1.911010e-01 3.488347e+01 -5.602295e-01 -1.062336e+00 5.219935e+01 -2.667374e-04 -4.607381e-04 1.023500e+00
0.000000e+00 0.000000e+00 0.000000e+00 0.000000e+00 0.000000e+00 0.000000e+00 0.000000e+00 0.000000e+00 0.000000e+00
0.0000000000000000e+00
0
0
8 6
-5.048602e-01 6.146548e-01 3.446669e+01 -1.081718e+00 -1.495409e+00 1.027871e+02 2.712178e-04 -4.131260e-04 9.823373e-01
0.000000e+00 0.000000e+00 0.000000e+00 0.000000e+00 0.000000e+00 0.000000e+00 0.000000e+00 0.000000e+00 0.000000e+00
0.0000000000000000e+00
0
0
8 7
-7.460342e-01 3.095235e-01 6.740210e+01 -6.527536e-01 -1.231058e+00 6.124389e+01 -2.168129e-04 -8.762360e-04 1.021048e+00
0.000000e+00 0.000000e+00 0.000000e+00 0.000000e+00 0.000000e+00 0.000000e+00 0.000000e+00 0.000000e+00 0.000000e+00
0.0000000000000000e+00
0
0
1204
2 0 5 1 15
2 0 13 3 18
3 0 30 3 38 4 58
3 0 31 3 39 4 59
2 0 32 3 37
2 0 34 3 43
4 0 37 1 59 3 69 2 53
2 0 38 3 46
2 0 39 3 48
4 0 41 1 40 2 57 4 55
2 0 42 3 52
2 0 48 3 59
2 0 51 3 63
2 0 52 3 65
5 0 57 1 71 3 103 2 88 4 72
2 0 58 1 72
5 0 59 1 90 2 89 3 107 4 78
5 0 60 1 91 2 90 3 108 4 79
2 0 67 1 81
2 0 68 3 88
2 0 69 3 90
2 0 70 3 91
2 0 73 3 64
2 0 75 3 94
5 0 76 1 109 3 95 4 104 2 118
2 0 77 3 96
2 0 78 3 98
3 0 81 1 113 3 104
2 0 83 3 160
2 0 88 3 111
2 0 89 3 113
2 0 91 3 115
3 0 93 3 117 4 92
4 0 96 1 213 3 120 2 302
2 0 97 3 121
2 0 98 3 178
2 0 99 3 123
4 0 100 1 114 2 168 3 130
2 0 101 3 133
3 0 103 3 306 1 297
2 0 104 3 139
4 0 107 1 166 3 144 2 157
2 0 108 3 145
5 0 109 1 118 2 156 3 106 4 113
2 0 110 3 142
3 0 111 1 138 3 143
3 0 113 1 172 2 217
2 0 117 3 146
2 0 118 3 150
2 0 119 3 151
2 0 120 3 109
2 0 123 3 225
2 0 128 3 167
2 0 129 3 165
2 0 130 3 168
3 0 133 1 206 4 165
3 0 138 1 207 2 204
2 0 139 3 176
2 0 140 3 177
2 0 142 3 181
5 0 144 1 212 3 185 2 280 4 162
3 0 145 3 186 4 160
2 0 147 1 161
2 0 151 2 184
3 0 152 1 173 2 183
2 0 153 3 204
3 0 154 3 203 1 217
4 0 155 1 180 2 189 3 205
2 0 157 3 206
4 0 158 1 186 2 192 3 311
3 0 159 1 188 2 191
4 0 162 1 194 3 138 2 195
4 0 164 1 195 2 196 3 209
3 0 165 1 231 3 214
2 0 166 3 215
2 0 170 3 328
2 0 172 3 334
2 0 173 3 217
2 0 175 3 335
2 0 184 3 227
2 0 185 3 228
2 0 187 3 236
2 0 189 3 229
2 0 190 3 230
4 0 191 1 254 4 185 5 126
2 0 192 1 255
2 0 194 3 232
2 0 195 3 233
2 0 197 3 234
4 0 198 3 358 4 196 8 244
5 0 199 3 239 4 202 1 200 2 180
2 0 201 3 240
2 0 211 3 255
4 0 213 1 294 3 260 4 237
2 0 214 3 261
2 0 215 3 262
5 0 218 1 286 2 278 3 265 4 226
2 0 219 3 184
2 0 220 3 274
3 0 221 3 272 4 176
2 0 223 3 271
2 0 225 3 270
3 0 226 3 278 4 174
4 0 227 1 226 2 232 3 286
4 0 228 1 227 3 285 2 233
3 0 229 3 284 4 258
3 0 230 3 283 4 257
4 0 231 1 318 3 299 2 331
5 0 232 1 292 3 290 4 232 2 277
2 0 233 3 288
3 0 234 3 289 4 265
2 0 236 4 191
3 0 237 2 240 3 301
2 0 238 3 302
2 0 239 3 303
2 0 241 3 292
2 0 242 3 294
2 0 243 3 304
4 0 244 1 235 3 305 2 245
2 0 248 3 309
2 0 249 1 301
4 0 250 1 247 2 258 3 419
2 0 251 1 248
3 0 252 3 317 1 302
2 0 253 3 319
2 0 254 3 320
2 0 255 3 323
2 0 256 3 213
2 0 257 3 316
2 0 258 3 322
2 0 260 1 230
3 0 261 1 310 3 326
5 0 264 1 316 3 454 4 358 2 295
2 0 265 3 327
4 0 266 1 322 3 333 2 420
3 0 267 3 337 4 254
2 0 268 3 331
4 0 270 1 324 2 297 3 473
2 0 282 1 354
2 0 283 3 351
2 0 284 3 489
2 0 287 3 352
3 0 288 1 364 3 353
2 0 290 3 355
2 0 291 3 357
5 0 292 3 359 4 260 1 374 2 321
5 0 295 4 266 1 379 2 326 5 137
3 0 298 1 383 4 268
2 0 300 3 360
4 0 301 1 264 3 361 4 207
3 0 302 3 362 4 391
3 0 303 3 363 4 282
3 0 306 1 409 2 393
3 0 309 2 516 4 307
3 0 312 1 412 2 387
3 0 314 1 417 2 528
3 0 315 1 288 3 369
2 0 316 3 366
3 0 317 3 367 4 310
3 0 318 1 419 3 370
3 0 321 3 374 4 337
3 0 322 3 264 4 229
3 0 323 3 377 4 231
2 0 325 4 322
3 0 326 3 380 4 341
3 0 327 3 382 4 343
2 0 328 3 381
2 0 329 4 340
2 0 330 3 386
2 0 333 3 396
3 0 334 3 397 1 446
4 0 335 2 238 3 287 4 264
4 0 336 1 321 2 333 3 399
2 0 339 3 401
2 0 340 3 404
2 0 342 1 239
3 0 348 1 339 2 354
4 0 349 2 358 3 412 1 347
2 0 350 3 418
5 0 352 1 630 3 604 4 495 2 551
5 0 353 1 631 2 552 4 496 3 605
3 0 354 1 442 3 422
2 0 356 3 423
2 0 362 3 441
3 0 363 1 362 3 617
2 0 364 3 618
2 0 367 3 446
2 0 368 3 440
2 0 369 3 435
3 0 370 1 368 3 436
2 0 371 3 442
2 0 374 3 450
2 0 375 3 449
4 0 377 1 449 3 458 4 362
2 0 378 3 464
2 0 379 3 467
2 0 380 3 470
2 0 387 3 479
2 0 397 3 480
2 0 398 3 347
2 0 401 3 690
2 0 402 3 484
2 0 403 3 356
2 0 404 3 695
2 0 409 3 492
5 0 410 3 495 4 383 1 529 8 349
2 0 411 3 496
2 0 412 3 497
2 0 413 3 706
2 0 414 3 498
2 0 421 4 440
2 0 423 4 442
4 0 424 1 562 2 714 4 441
2 0 426 1 567
3 0 427 1 568 4 452
3 0 428 1 569 4 453
4 0 430 1 565 3 513 4 445
2 0 431 3 515
3 0 435 1 578 3 516
2 0 437 3 517
3 0 438 1 575 2 527
4 0 439 1 583 3 524 2 532
3 0 440 3 526 4 465
3 0 444 3 536 4 524
3 0 445 3 539 4 526
3 0 446 3 385 4 345
2 0 447 4 464
3 0 448 3 782 4 531
3 0 449 3 547 4 530
2 0 453 4 528
2 0 454 4 347
3 0 455 4 348 3 388
2 0 456 3 558
4 0 457 1 591 3 554 4 471
2 0 458 4 477
2 0 459 3 556
2 0 460 3 387
3 0 463 1 592 2 535
2 0 464 1 593
5 0 465 1 594 3 570 4 473 2 534
5 0 466 1 596 2 543 3 569 4 479
3 0 467 1 600 3 572
4 0 469 1 599 3 575 4 478
4 0 470 1 589 3 576 2 520
7 0 471 1 590 3 577 4 462 5 350 6 325 7 505
2 0 472 1 601
3 0 477 1 453 3 585
4 0 478 1 454 2 464 3 586
2 0 480 3 581
2 0 481 3 589
2 0 482 1 470
3 0 483 1 471 2 480
2 0 486 3 591
3 0 487 1 475 3 592
2 0 488 3 597
2 0 490 1 615
4 0 492 1 482 3 600 2 353
2 0 495 4 488
2 0 496 3 415
2 0 498 3 614
3 0 499 1 488 3 864
4 0 500 1 489 2 486 3 865
3 0 502 1 616 2 547
2 0 505 4 491
3 0 506 1 440 2 555
6 0 507 1 625 2 549 4 492 5 355 6 507
2 0 508 1 502
6 0 509 4 493 5 517 8 744 6 501 7 513
6 0 510 4 494 5 516 8 745 6 500 7 512
5 0 511 1 606 3 623 4 823 2 776
3 0 512 1 504 3 607
2 0 514 3 611
3 0 515 1 644 4 504
2 0 517 3 630
2 0 518 3 619
4 0 519 1 648 3 616 2 563
2 0 520 1 618
2 0 521 3 631
3 0 522 1 620 2 569
2 0 524 3 639
2 0 526 3 643
3 0 527 1 331 2 422
2 0 529 3 626
2 0 530 3 628
2 0 531 3 629
3 0 535 1 642 2 582
2 0 536 1 448
3 0 537 1 480 3 447
2 0 538 1 922
4 0 540 1 650 3 649 2 827
3 0 542 3 461 4 541
4 0 543 1 476 3 452 4 338
2 0 546 3 457
2 0 548 1 657
3 0 550 1 661 4 547
2 0 552 4 550
2 0 558 1 459
2 0 569 3 681
4 0 571 1 496 3 478 2 423
2 0 574 3 687
2 0 575 3 688
2 0 577 3 942
2 0 580 3 930
4 0 591 3 701 1 523 4 377
2 0 600 3 955
4 0 601 1 541 3 961 2 488
5 0 604 4 389 1 537 8 242 2 472
2 0 605 3 711
2 0 614 4 704
3 0 615 1 796 2 708
2 0 622 4 718
2 0 626 1 817
2 0 629 4 723
4 0 630 1 570 3 752 4 454
2 0 631 3 753
2 0 634 4 746
4 0 636 1 824 2 730 3 756
2 0 637 3 1056
4 0 638 1 826 4 743 2 728
4 0 639 1 827 4 744 2 729
3 0 645 3 1069 4 759
2 0 646 3 1074
2 0 647 3 1075
2 0 649 4 771
3 0 650 1 835 4 747
2 0 651 1 836
2 0 652 3 775
2 0 653 3 776
2 0 654 4 1225
2 0 657 3 543
2 0 658 3 544
2 0 660 4 529
2 0 663 4 841
2 0 664 3 783
3 0 666 3 785 4 840
3 0 669 3 551 4 532
2 0 670 3 786
3 0 673 3 792 4 775
2 0 674 1 595
2 0 675 3 1123
2 0 676 3 799
2 0 677 1 855
2 0 678 1 857
4 0 679 1 628 2 628 3 573
2 0 680 1 629
2 0 684 1 638
2 0 685 3 818
4 0 691 1 866 3 822 2 747
2 0 698 3 584
3 0 700 1 675 2 654
3 0 701 1 683 2 481
3 0 702 1 684 2 482
2 0 704 1 871
2 0 705 3 855
2 0 706 3 856
2 0 707 2 758
2 0 710 3 1204
3 0 713 1 612 3 860
4 0 714 1 613 3 861 2 755
2 0 718 3 867
2 0 719 3 868
2 0 720 3 878
3 0 724 3 870 4 791
3 0 725 3 871 4 792
4 0 728 3 621 1 872 2 773
7 0 733 1 894 4 794 2 761 5 515 7 767 8 1064
8 0 734 1 895 2 762 4 795 5 514 8 1065 6 778 7 766
8 0 736 4 497 1 637 2 554 5 356 8 734 6 508 7 523
2 0 738 3 889
2 0 739 3 891
2 0 740 1 877
3 0 743 1 883 3 894
4 0 744 1 913 2 774 3 1223
4 0 745 1 914 2 775 4 803
2 0 749 3 880
2 0 754 3 884
2 0 755 3 896
4 0 756 1 888 2 794 4 838
2 0 758 1 681
4 0 762 1 936 3 899 4 854
3 0 764 1 904 2 580
5 0 767 1 912 2 818 3 1258 4 1301
3 0 768 1 915 3 906
2 0 770 3 905
3 0 774 1 933 3 901
3 0 776 3 904 1 685
2 0 777 1 686
2 0 779 3 916
2 0 786 3 922
2 0 789 4 563
4 0 793 1 950 3 925 2 855
3 0 799 3 929 4 587
4 0 803 1 692 3 936 2 613
3 0 806 1 696 2 614
2 0 813 3 944
2 0 816 3 937
2 0 820 3 934
3 0 821 3 941 1 741
5 0 822 1 734 3 943 2 619 4 552
2 0 823 3 938
2 0 825 3 692
3 0 830 1 1052 3 1319
3 0 831 1 1055 4 900
2 0 833 3 949
2 0 834 3 950
2 0 840 3 1328
2 0 848 3 1332
2 0 850 3 1333
2 0 863 3 973
2 0 864 3 974
2 0 893 4 727
3 0 911 1 823 2 733
2 0 914 3 1058
2 0 916 4 1159
2 0 919 1 840
2 0 920 1 841
2 0 923 4 745
2 0 925 4 760
2 0 927 4 754
3 0 928 3 1065 4 1178
2 0 931 4 1155
2 0 933 4 772
3 0 934 3 1078 4 1170
2 0 935 1 864
3 0 936 1 865 3 768
2 0 943 4 1266
3 0 945 2 877 3 789
2 0 950 4 1290
4 0 951 1 854 4 1202 2 753
2 0 952 4 1267
3 0 953 3 1121 4 774
2 0 954 4 786
3 0 955 3 1130 4 1193
3 0 961 2 749 4 785
2 0 964 3 816
2 0 965 3 815
3 0 966 1 843 3 1151
5 0 967 1 844 3 1152 2 720 4 1185
5 0 979 1 862 3 835 2 735 4 1196
3 0 980 1 863 2 736
2 0 982 3 840
2 0 992 1 956
2 0 1009 1 869
2 0 1011 3 1210
2 0 1016 3 882
2 0 1027 4 827
2 0 1029 3 1219
2 0 1032 3 1231
2 0 1041 3 876
2 0 1047 3 1229
2 0 1048 4 808
2 0 1056 1 1042
2 0 1060 3 1251
2 0 1064 3 1252
2 0 1065 3 1248
2 0 1074 1 957
3 0 1077 1 977 2 863
2 0 1078 3 1260
2 0 1086 3 1264
2 0 1093 3 1253
2 0 1094 3 910
2 0 1096 4 874
2 0 1097 3 1271
4 0 1103 3 923 1 944 2 846
2 0 1111 3 1283
2 0 1119 3 1291
3 0 1122 3 1293 4 911
2 0 1133 3 1301
2 0 1139 3 1292
2 0 1143 1 1099
2 0 1157 3 1297
2 0 1160 3 1289
4 0 1165 4 1306 5 755 6 789
2 0 1220 3 1321
2 0 1238 3 1344
2 0 1239 3 1331
2 0 1246 3 1334
2 0 1283 3 975
2 1 6 2 5
2 1 19 2 20
2 1 32 2 44
2 1 57 4 67
3 1 65 2 65 3 66
2 1 69 2 68
2 1 70 2 69
2 1 83 2 82
3 1 84 2 81 4 68
2 1 92 2 92
2 1 93 2 62
2 1 103 2 108
4 1 107 2 141 4 102 3 122
2 1 108 4 140
2 1 130 2 136
2 1 132 4 88
2 1 134 3 102
2 1 149 2 205
2 1 151 2 140
2 1 153 2 155
3 1 164 3 314 2 287
2 1 171 2 216
2 1 187 2 226
2 1 189 2 169
2 1 190 2 193
2 1 199 2 175
2 1 203 2 146
2 1 211 2 206
2 1 245 2 231
2 1 249 2 218
2 1 250 2 219
3 1 251 2 256 4 211
4 1 252 4 187 2 225 5 129
2 1 262 4 203
2 1 270 2 694
2 1 271 2 267
2 1 273 2 377
2 1 281 2 274
2 1 282 2 275
2 1 287 2 279
2 1 290 2 281
2 1 291 2 282
2 1 303 2 312
2 1 305 2 407
2 1 308 3 559
3 1 311 2 403 3 417
3 1 315 2 329 3 282
2 1 323 2 291
2 1 327 2 293
2 1 348 2 228
2 1 353 2 259
2 1 360 2 304
2 1 361 2 305
2 1 372 2 322
2 1 375 2 324
2 1 376 2 325
2 1 378 3 493
2 1 380 2 327
2 1 385 2 459
2 1 389 4 275
2 1 391 2 346
2 1 392 2 349
2 1 410 2 385
2 1 411 2 386
2 1 413 2 523
2 1 414 2 524
3 1 415 2 389 4 312
2 1 422 2 394
2 1 423 2 400
2 1 430 2 770
2 1 437 2 402
2 1 439 2 410
2 1 441 2 412
2 1 444 2 417
2 1 445 3 647
2 1 451 2 587
2 1 452 2 588
3 1 468 2 608 3 646
3 1 477 3 453 4 339
2 1 484 2 311
2 1 491 4 396
2 1 492 4 397
2 1 493 2 443
2 1 494 2 442
2 1 507 2 435
2 1 521 2 457
5 1 522 4 376 2 330 5 200 8 350
2 1 527 2 458
2 1 534 2 469
2 1 535 2 473
2 1 536 2 471
2 1 538 2 475
2 1 550 4 430
2 1 552 4 443
2 1 553 4 444
2 1 554 2 515
2 1 563 2 521
3 1 566 2 525 4 449
4 1 576 2 738 4 459 3 758
3 1 577 2 739 4 460
2 1 586 2 791
2 1 587 2 533
2 1 588 2 536
2 1 621 2 567
2 1 622 2 568
2 1 623 2 793
2 1 627 2 572
2 1 634 2 409
2 1 635 3 642
7 1 641 2 556 4 501 5 360 6 328 7 359 8 529
2 1 660 2 837
2 1 662 2 570
2 1 667 2 814
2 1 679 2 595
2 1 691 2 604
2 1 693 2 612
2 1 697 2 483
2 1 702 4 935
3 1 715 4 933 2 671
2 1 717 2 600
2 1 729 2 649
2 1 740 2 629
2 1 742 2 635
2 1 746 4 1027
5 1 762 2 680 3 967 4 629 8 306
2 1 778 4 439
2 1 783 2 701
2 1 784 2 702
5 1 786 2 726 4 719 5 641 6 940
4 1 787 2 727 4 720 5 642
2 1 789 2 742
2 1 790 4 739
2 1 791 4 740
2 1 792 2 709
2 1 795 2 707
2 1 797 2 737
3 1 798 2 712 4 715
2 1 799 2 713
2 1 800 2 715
2 1 801 2 716
2 1 803 2 721
2 1 809 4 722
2 1 814 4 730
2 1 820 2 718
3 1 821 2 719 4 729
2 1 829 2 796
2 1 830 2 795
4 1 831 2 740 4 757 3 761
2 1 839 2 815
2 1 845 2 743
2 1 850 2 724
2 1 858 2 754
2 1 861 2 751
2 1 875 3 624
2 1 882 3 895
2 1 884 4 790
2 1 891 2 760
6 1 897 4 796 5 745 8 1052 6 781 7 775
2 1 910 2 821
2 1 925 2 650
2 1 926 2 651
2 1 927 2 829
2 1 928 2 788
2 1 929 2 789
2 1 937 4 855
2 1 939 2 591
2 1 966 2 425
2 1 981 2 953
2 1 989 2 859
2 1 997 2 617
2 1 1004 2 962
2 1 1006 2 854
2 1 1012 4 962
2 1 1021 2 862
2 1 1024 2 864
2 1 1026 4 859
3 1 1037 2 896 4 869
2 1 1038 2 899
2 1 1040 3 1239
2 1 1041 3 1240
2 1 1045 2 907
2 1 1058 2 928
2 1 1059 2 974
2 1 1063 2 939
2 1 1065 4 1492
2 1 1076 4 1035
2 1 1077 4 1065
2 1 1086 2 960
2 1 1088 4 1026
2 1 1093 2 973
2 1 1101 4 1701
2 2 112 4 127
2 2 113 4 128
2 2 119 4 101
2 2 122 4 115
2 2 139 4 133
2 2 142 4 103
2 2 247 4 273
2 2 254 4 288
2 2 255 4 290
2 2 296 4 350
2 2 355 4 402
2 2 356 4 616
3 2 381 4 306 8 425
2 2 395 4 318
2 2 489 4 623
2 2 537 4 456
2 2 538 4 457
2 2 670 4 594
2 2 676 4 995
2 2 750 3 1194
2 2 819 4 857
3 2 917 4 1326 3 1159
2 2 918 4 1335
2 3 61 4 45
2 3 258 4 225
2 3 332 4 182
4 3 354 4 261 8 245 5 192
2 3 373 4 324
2 3 405 4 387
2 3 637 4 816
2 3 651 4 540
2 3 733 4 655
2 3 817 4 553
2 3 987 4 643
2 3 1071 4 1227
2 3 1072 4 1228
2 3 1077 4 1169
5 4 178 5 173 8 262 6 163 7 183
3 4 193 5 134 8 176
2 4 255 5 186
3 4 256 5 185 8 252
2 4 267 5 136
5 4 328 8 541 5 351 6 326 7 355
2 4 379 8 358
3 4 510 5 374 6 521
3 4 512 5 369 7 364
4 4 513 5 368 7 363 8 527
3 4 551 5 380 8 731
2 4 561 5 267
2 4 593 8 518
4 4 762 5 720 6 771 7 757
4 4 763 5 721 6 772 7 758
3 4 789 5 521 7 522
4 4 804 5 535 7 531 8 719
2 4 807 5 538
2 4 814 5 548
4 4 853 5 541 6 528 7 533
3 4 858 5 542 8 1093
2 4 887 5 387
3 4 891 5 570 8 1014
3 4 1212 5 734 8 1063
4 4 1231 5 540 8 1019 7 797
2 4 1291 8 505
2 4 1294 5 782
2 4 1295 5 781
4 4 1298 5 762 6 793 7 794
2 4 1324 5 790
2 4 1325 5 791
3 4 1336 5 558 8 1026
3 4 1337 5 559 8 1025
3 4 1338 5 799 8 1038
3 4 1339 5 800 8 1037
2 4 1341 5 811
3 4 1371 5 829 8 1020
2 4 1375 8 1009
2 4 1392 8 999
2 5 7 7 4
2 5 12 6 21
2 5 21 6 24
2 5 22 6 25
3 5 27 6 46 7 51
3 5 33 6 54 7 57
4 5 34 6 55 7 58 8 76
3 5 35 6 56 7 59
2 5 48 6 48
3 5 49 6 66 7 75
3 5 51 6 49 7 54
4 5 54 6 53 7 83 8 96
2 5 55 7 106
2 5 56 7 107
4 5 57 6 78 7 88 8 89
2 5 67 7 98
3 5 76 7 102 6 90
3 5 77 7 80 6 70
3 5 82 6 74 7 84
3 5 83 6 75 7 85
3 5 84 7 111 6 96
3 5 85 6 73 7 110
2 5 87 6 76
2 5 91 7 92
2 5 105 7 140
3 5 108 6 132 7 147
2 5 112 6 79
3 5 113 6 104 7 113
3 5 120 6 117 7 128
2 5 125 8 255
3 5 140 7 198 6 178
2 5 141 7 137
3 5 150 6 128 7 202
3 5 151 6 129 7 203
3 5 153 7 145 6 190
3 5 156 6 134 7 149
3 5 157 6 133 7 206
4 5 163 6 139 7 157 8 149
2 5 164 7 159
3 5 165 7 164 8 102
3 5 174 6 164 7 184
2 5 178 8 256
2 5 179 8 260
2 5 195 7 192
3 5 198 6 242 7 256
2 5 199 8 351
2 5 201 6 176
2 5 202 7 197
3 5 206 7 263 6 248
2 5 207 7 139
4 5 208 6 186 7 269 8 335
2 5 210 7 271
2 5 213 6 256
4 5 214 6 194 7 148 8 161
3 5 217 6 193 7 283
3 5 218 6 192 7 277
2 5 219 7 291
4 5 222 7 278 6 258 8 322
3 5 224 6 264 7 290
3 5 225 6 266 7 293
4 5 226 8 312 6 273 7 296
2 5 233 6 201
2 5 236 6 145
2 5 246 6 222
2 5 247 6 225
2 5 248 7 246
2 5 252 8 377
2 5 271 6 240
3 5 273 6 358 7 381
3 5 275 7 261 6 247
3 5 276 6 361 7 262
2 5 277 6 246
2 5 280 6 249
2 5 281 8 594
2 5 282 6 252
3 5 283 6 253 7 268
4 5 296 7 281 8 217 6 260
3 5 297 6 263 7 287
4 5 298 6 259 8 323 7 279
2 5 301 6 272
2 5 303 8 315
4 5 304 6 403 7 429 8 449
2 5 309 8 464
3 5 311 6 274 8 309
3 5 312 6 401 7 421
3 5 313 7 422 6 602
4 5 314 6 277 7 302 8 298
3 5 315 7 218 6 199
3 5 316 7 219 6 200
2 5 336 8 748
4 5 339 6 465 7 490 8 683
2 5 346 7 353
3 5 347 6 743 7 759
2 5 349 6 323
2 5 352 7 356
3 5 354 6 503 7 515
2 5 358 8 738
2 5 359 6 509
3 5 363 7 360 8 528
2 5 370 8 524
2 5 377 7 805
3 5 386 6 342 7 373
3 5 389 7 380 6 355
2 5 391 6 360
2 5 395 8 595
3 5 404 6 375 8 490
3 5 407 7 403 6 378
2 5 408 6 576
3 5 410 7 390 8 662
2 5 412 8 416
2 5 413 8 415
2 5 414 6 381
2 5 415 6 573
2 5 416 7 394
3 5 418 6 377 7 577
2 5 425 8 649
3 5 426 6 578 7 580
4 5 431 7 410 6 390 8 484
4 5 440 8 632 6 601 7 594
4 5 441 6 398 7 595 8 466
3 5 442 6 399 7 596
2 5 447 7 425
2 5 449 8 436
2 5 450 8 437
2 5 456 6 406
3 5 458 7 309 6 286
3 5 463 6 414 7 618
2 5 470 8 1130
3 5 471 6 430 8 1129
2 5 474 6 433
3 5 476 6 656 8 1054
3 5 485 6 460 7 696
2 5 490 6 462
3 5 491 7 712 6 463
2 5 492 6 477
2 5 493 6 478
2 5 495 6 714
2 5 497 6 471
2 5 499 6 474
3 5 502 6 736 7 738
2 5 505 6 482
3 5 506 6 483 7 752
3 5 507 6 484 7 498
3 5 508 6 485 7 497
2 5 509 7 502
2 5 518 7 769
2 5 519 7 770
2 5 520 7 521
2 5 522 8 1056
2 5 523 8 1055
3 5 526 6 513 7 779
3 5 527 6 514 7 525
3 5 530 6 512 7 527
3 5 532 6 518 7 791
4 5 533 6 787 7 795 8 1022
2 5 539 8 763
2 5 543 7 538
2 5 544 7 814
2 5 555 7 549
2 5 563 7 824
3 5 572 7 838 6 832
3 5 573 6 354 7 833
3 5 577 7 837 6 551
2 5 578 8 995
3 5 584 6 558 7 845
3 5 585 7 844 6 557
4 5 586 7 848 8 927 6 556
4 5 589 6 565 7 861 8 670
3 5 592 7 568 6 563
2 5 599 7 572
3 5 601 8 656 7 864
2 5 606 8 586
2 5 608 8 585
4 5 610 6 586 7 901 8 883
4 5 611 6 587 7 904 8 639
2 5 613 7 913
3 5 621 6 595 7 918
2 5 624 8 634
4 5 626 8 846 7 942 6 922
2 5 627 8 845
2 5 629 8 615
3 5 631 6 917 7 932
4 5 633 6 606 7 609 8 609
2 5 649 6 633
4 5 651 6 644 7 655 8 1098
3 5 653 6 641 7 660
4 5 655 6 655 7 664 8 1057
2 5 659 6 663
3 5 660 6 665 8 1080
2 5 664 6 675
2 5 667 8 1067
3 5 670 6 681 7 683
2 5 673 7 689
2 5 674 6 682
2 5 681 6 716
2 5 682 7 717
2 5 683 7 721
3 5 688 6 723 7 724
2 5 695 6 734
2 5 696 6 738
3 5 717 6 752 7 764
3 5 718 6 750 7 765
2 5 730 7 761
2 5 731 7 762
2 5 735 7 780
3 5 736 6 769 7 783
2 5 737 6 770
3 5 739 6 782 7 760
3 5 744 6 780 7 774
2 5 750 6 785
2 5 751 6 786
3 5 754 6 788 7 789
2 5 759 6 791
3 5 770 7 799 6 800
2 5 771 6 795
2 5 772 8 1082
2 5 779 6 810
2 5 780 6 811
2 5 783 8 1059
3 5 795 6 802 8 289
2 5 805 7 821
2 5 820 6 829
2 5 826 6 837
2 5 835 8 1016
2 5 836 8 1015
3 5 837 6 833 7 843
2 5 844 7 855
3 5 870 7 870 8 657
2 5 872 6 868
3 5 875 6 885 7 898
3 5 881 7 899 6 880
2 5 882 7 905
2 5 891 6 890
3 5 905 6 608 7 946
4 5 906 6 928 7 944 8 848
2 5 912 7 939
2 5 913 6 931
2 5 915 7 960
2 5 917 8 819
2 6 18 7 22
2 6 26 7 28
2 6 27 7 41
2 6 28 7 29
2 6 51 7 82
2 6 62 7 65
2 6 64 7 71
2 6 69 7 141
2 6 72 7 81
2 6 81 7 123
2 6 86 7 97
2 6 91 7 104
2 6 93 7 143
2 6 97 8 163
2 6 98 8 162
2 6 116 7 127
2 6 124 7 138
2 6 131 7 205
3 6 137 8 152 7 215
2 6 144 7 161
2 6 149 7 174
3 6 151 7 170 8 249
3 6 152 7 171 8 248
2 6 153 7 172
2 6 155 7 176
2 6 156 7 177
2 6 157 7 179
2 6 166 7 185
2 6 167 7 186
2 6 169 7 252
3 6 205 7 225 8 188
3 6 212 7 230 8 540
2 6 213 7 231
2 6 216 7 236
2 6 219 7 238
2 6 220 7 239
2 6 223 7 243
3 6 231 7 358 8 769
2 6 254 7 391
2 6 267 7 419
2 6 285 7 308
2 6 295 7 458
3 6 303 7 332 8 532
2 6 304 7 333
2 6 305 7 338
3 6 306 7 339 8 514
2 6 308 7 334
2 6 309 7 335
2 6 311 7 336
2 6 312 7 337
2 6 317 7 501
2 6 320 7 511
2 6 324 7 504
2 6 329 7 357
2 6 333 7 530
2 6 336 7 532
2 6 340 7 545
2 6 351 7 550
2 6 366 7 562
2 6 367 7 387
2 6 369 7 389
2 6 376 7 576
2 6 379 7 404
2 6 380 7 583
2 6 382 7 406
2 6 383 7 407
2 6 385 7 587
2 6 387 7 413
2 6 388 7 414
2 6 391 7 411
2 6 393 7 597
2 6 394 7 415
2 6 396 7 417
2 6 400 7 418
2 6 407 7 433
3 6 435 7 468 8 1096
3 6 439 7 473 8 737
3 6 440 7 477 8 729
2 6 441 8 1050
2 6 443 7 681
2 6 445 7 479
2 6 446 8 972
2 6 447 8 971
3 6 448 7 481 8 706
2 6 457 7 482
2 6 458 7 483
2 6 466 7 715
2 6 467 7 491
2 6 470 7 484
2 6 473 7 719
2 6 479 7 495
2 6 480 7 492
2 6 486 7 506
2 6 488 7 503
2 6 504 7 516
2 6 511 7 776
2 6 516 7 786
2 6 519 7 534
2 6 525 7 535
2 6 526 7 536
2 6 529 7 806
2 6 532 7 816
2 6 533 7 800
2 6 535 7 818
2 6 536 7 543
3 6 562 7 571 8 660
2 6 566 8 671
2 6 577 7 578
2 6 581 7 581
2 6 583 7 582
2 6 585 7 900
2 6 588 7 586
2 6 591 7 588
2 6 592 7 909
2 6 597 7 590
2 6 605 7 601
2 6 619 7 1037
2 6 630 7 652
2 6 631 7 653
2 6 632 7 670
2 6 642 7 662
3 6 650 7 657 8 752
2 6 658 7 656
3 6 662 7 677 8 1030
2 6 666 7 680
3 6 674 7 676 8 1079
2 6 679 7 686
2 6 680 7 684
2 6 685 7 692
3 6 688 7 699 8 959
2 6 691 7 691
2 6 692 7 697
2 6 693 7 698
2 6 698 7 695
2 6 699 7 708
3 6 701 7 713 8 957
2 6 704 7 705
2 6 712 7 722
2 6 718 7 726
2 6 719 7 727
2 6 732 7 732
2 6 733 7 733
2 6 735 7 737
2 6 737 7 739
2 6 744 7 756
2 6 751 7 763
2 6 753 7 736
2 6 758 7 768
2 6 760 7 771
2 6 761 7 772
2 6 768 7 782
2 6 790 7 790
2 6 814 7 823
2 6 816 7 815
2 6 860 7 882
2 6 874 7 878
2 6 884 7 891
2 6 899 7 916
2 6 912 7 935
2 6 915 7 927
2 6 921 7 941
2 6 926 7 938
3 6 929 8 827 7 951
2 6 932 8 825
2 6 951 7 985
2 6 958 7 1001
2 6 959 7 1002
2 6 960 7 639
2 6 961 7 640
2 6 963 7 995
2 6 964 7 996
2 6 975 7 1006
2 6 980 7 1005
2 6 985 7 1023
2 6 992 7 1036
2 6 994 7 1033
2 7 69 8 63
2 7 144 8 221
2 7 151 8 157
2 7 217 8 136
2 7 226 8 187
2 7 241 8 384
2 7 242 8 383
2 7 282 8 213
2 7 292 8 478
2 7 298 8 305
2 7 310 8 148
2 7 330 8 542
2 7 366 8 523
2 7 405 8 481
2 7 428 8 450
2 7 435 8 455
2 7 436 8 297
2 7 440 8 435
2 7 441 8 408
2 7 451 8 280
2 7 465 8 710
2 7 466 8 747
2 7 469 8 720
2 7 470 8 1000
2 7 487 8 700
2 7 510 8 742
2 7 519 8 732
2 7 599 8 625
2 7 600 8 626
2 7 611 8 572
2 7 612 8 571
2 7 628 8 575
2 7 629 8 576
2 7 658 8 1072
2 7 661 8 1086
2 7 666 8 1001
2 7 668 8 1085
2 7 694 8 1002
2 7 731 8 943
2 7 847 8 928
2 7 875 8 910
2 7 940 8 853
2 7 948 8 610
2 7 952 8 824
